
0.16326244703313023 1.75215845059073 0.09309528714175011 3.098797415810581
0.13280260542152997 1.375197162884727 0.07344506969507723 2.7460293762145542
0.1444029591129302 1.5155949715413632 0.05018866915311947 1.704992355232693
0.1276828330781811 1.3144208144935305 0.05367536873956582 1.8301597296724639
0.12947364199858774 1.3355980487674468 0.07777642173577337 2.7212336941088973
0.158664925114565 1.693511978830564 0.07063356988953425 2.452326425037116
0.12994115950239102 1.341141033247944 0.09443001608095757 2.786510064349654
0.1296135509289486 1.3372562137016273 0.07049640232329402 2.026695252669118
0.12550731451429173 1.288810876345242 0.08001027742737302 2.625366556361884
0.12998490933337842 1.3416600451371006 0.06979847814274748 2.2651452501682026
0.1393354062378106 1.4537973992238695 0.04790254432507754 1.7429738835471114
0.13610197358942083 1.414745358212144 0.07061350022375963 2.8404313463368367
0.13366221510668272 1.3854719401460904 0.05425126831818462 2.1445049115701598
0.14770322904587935 1.5562360929129877 0.06516054296973284 2.414689885493754
0.1274686375237731 1.311893662727419 0.0751755328312647 2.4538293242730087
0.1328307555347145 1.3755333140732564 0.06454070892374604 2.579299390985447
0.12864342733915923 1.325769511301198 0.06630223108621025 2.4600023650526266
0.1267060364296464 1.3029063002867767 0.03210386919859984 1.621950076927884
0.1421715178190817 1.4882931221513045 0.0660286883369346 2.449135630636866
0.14712312375299635 1.5490696114491462 0.07070820262991695 2.6359149725292377
0.14298062361582822 1.498176161999143 0.10037972563834 3.163624183940917
0.1287761976097554 1.3273400604562642 0.08875057880449301 2.6025944532871006
0.1312132135929044 1.3562529685070013 0.07369345008573641 2.7560548545411176
0.15946888154407132 1.7037210459220444 0.03469046057410027 1.9565774255189314
0.1267485420183168 1.303406821621773 0.03591330455968427 2.028116272285173
0.13049561071451016 1.3477224481629846 0.06330773780119897 2.9983822565417393
0.14810582840502545 1.5612154460301442 0.06576646694795502 2.4387246214823226
0.1316745316113077 1.3617443423187072 0.059993929374425145 1.809567409885329
0.13525945856473662 1.4046177780624678 0.04329648540203654 2.007716606964295
0.14554128795086532 1.5295774358300593 0.05416352082533608 2.140837701352675
0.14216709604291122 1.4882391624012652 0.07822960376800864 2.0326092244909315
0.126322578609583 1.2983931232980104 0.05170076723060317 1.8887100521164695
0.14020357483249826 1.4643327945339575 0.04837216130112527 2.2550464444381775
0.13729378338340206 1.4291054718698897 0.025325254670666007 1.594724304554469
0.1262613839264205 1.2976732478123343 0.08673363143269071 2.6927013132987345
0.14782414259015303 1.5577310585802513 0.0587660979778802 2.014574794510932
0.13581895451661238 1.4113410817486218 0.08312250681747568 2.2903136241759507
0.147934047695849 1.5590902848733068 0.08848653702760252 1.921305736535237
0.1291150061337183 1.3313500212392178 0.05964326981681103 2.3711647195293093
0.1366500139053498 1.4213437709322103 0.0537852960148784 2.306861843734503
0.12541156441159673 1.2876866450428877 0.05219803420146789 1.7770131641529445
0.13976466973403937 1.4590039377057853 0.07481671660547239 2.6093057442044154
0.13140927965379157 1.3585861599128004 0.0650698216807474 2.4110939929757755
0.13788341448490435 1.4362246161111123 0.04483257835705113 1.7547171947050684
0.13694899850357672 1.4249470824201524 0.08548095357724955 3.238100370676098
0.1306692336187498 1.349785102833652 0.06725412286973777 2.4978668123548395
0.13239972536794326 1.3703886093262887 0.03367002868838609 1.545771065195577
0.1278452489529228 1.316337879509272 0.05196617288227265 1.7686870767391314
0.13393050010058172 1.3886828840444099 0.06721214956508588 1.9254731886506091
0.14170158019538032 1.4825614970189254 0.09030839405395434 2.9968229097471064
0.13128644361543426 1.3571242845261828 0.07012435092479917 2.8192714703591553
0.127443931857279 1.3116022567058376 0.0709101745010923 2.303976250737922
0.14144487618151944 1.4794332394882899 0.05276776123697402 2.4713789031265803
0.13787416744014813 1.436112893098556 0.050750509944135304 2.3718497529013445
0.141437251845904 1.4793403560857237 0.06490596290402831 2.5949095631824397
0.13195109146931921 1.3650392158204137 0.05247948825222842 1.5703595066687073
0.14021489766011497 1.4644703398106576 0.07493277960343782 2.613681436938647
0.1251905597387372 1.2850927010093913 0.05616161715801714 1.7962596656142582
0.17323347967076977 1.8815912463703002 0.05545686175056771 2.1949589839011336
0.126984779281133 1.3061895037816154 0.03290390014363892 1.0978217967436457
0.12969137288581337 1.33817877041658 0.03303903771256907 1.3866477890998832
0.1364389740937449 1.4188018572005756 0.049186797851591656 2.294988341399899
0.1286912912038046 1.3263356412525868 0.07649518644196723 3.6747016204553304
0.1370295048304518 1.4259177576351498 0.07000068954259572 2.8139255865907122
0.12552678493052313 1.2890395145911238 0.08178697816167893 2.3801990968771607
0.13039277730081902 1.3465011669600726 0.07621135845545472 2.339080679378787
0.12712756183174673 1.307872096001537 0.04204642361613006 1.5205415821924533
0.12881268216868663 1.3277717227958814 0.02521320851178351 0.9669664290240146
0.132960033814774 1.3770773553956335 0.047925780252048245 1.8818772996550026
0.12628236010138705 1.2979199937431136 0.0699252488825586 2.1316420706349297
0.13025786925797908 1.3448993955699362 0.04548130085994187 1.9337314134291317
0.13721549312469922 1.4281609352518072 0.06783969938495506 2.3482666719199767
0.13037101291436057 1.3462427234565795 0.05703030229095423 2.683088967430221
0.13844319114127165 1.442992317703885 0.041353192917379156 1.3918887348387476
0.13127958891397815 1.3570427186967389 0.04993121603246566 2.3315473033520613
0.13143014329822775 1.3588344998522408 0.04505357071369358 2.5686431746530154
0.1289544213042388 1.3294490341664824 0.06931135971389973 2.1115342121563687
0.1380085810691587 1.4377371175437155 0.0522524607905404 1.7789682010124583
0.13038241648139043 1.3463781347031958 0.09148911908042763 3.0399501428589994
0.13476647386903767 1.3987009273156406 0.0743550938743123 2.5919129605034223
0.13381926289466967 1.3873513105475626 0.05824065189371025 1.7534137362608875
0.12874300607171646 1.3269473904724578 0.08803202640898587 2.092940153655693
0.14739100219100548 1.5523777054622896 0.09420801908471997 2.779277885142483
0.12600981006551773 1.2947148691373482 0.037641260127723446 1.262063659977503
0.13770901801996718 1.434117957466869 0.05196732960651561 1.898981788156173
0.1260141955291917 1.2947664253395066 0.05535527242031993 1.6614550813850288
0.14666375532129644 1.5434015969650174 0.10075072699556538 2.5502144081849227
0.12569921306762433 1.291064757367734 0.06636367575687895 3.153405563369864
0.14399288523232665 1.5105670117441001 0.047865928370055384 1.741574603769185
0.1271819187631008 1.3085127989948913 0.056420883779315444 2.4266619449446267
0.13094289151368158 1.3530378548320363 0.08737217470811394 2.418616860111245
0.1347633656442915 1.3986636434862525 0.06536532097193572 2.4228091759687196
0.1385780412666834 1.4446239708176214 0.08801183604438706 2.0924138079661176
0.13799699847693553 1.4375971361275168 0.07848686159049281 2.74820758933968
0.13144572166203533 1.3590199368815687 0.07799499745169212 2.398455072038436
0.12609354988389257 1.2956994170336138 0.04286775986475926 1.8176345074312772
0.12537780778902233 1.2872903568788374 0.03221685615759821 1.350992131568655
0.13128819515397533 1.3571451267335606 0.07163736272421617 2.1878626409582775
0.1283707880993511 1.3225459420049466 0.043385498701133444 1.6955107621820096
0.13283268803080037 1.3755563915432214 0.07639910214576018 2.8656134783184375
0.13360681812117947 1.3848091741977744 0.06760889663080416 2.3396981410530193
0.1268206964591041 1.304256582335974 0.032222862351812445 1.351252383328267
0.12855831773891208 1.3247629953848714 0.07058591734923347 2.631010113439236
0.14197414805964814 1.4858851241981814 0.054630012781734 2.345185534447792
0.16128386979862117 1.7268407016851683 0.04207054068422115 1.641865136526671
0.1333554939381293 1.3818034121119873 0.05277516471831682 1.930146279878435
0.12969944504907946 1.3382744730139984 0.0615134753170654 1.8584048905915476
0.13176610372821634 1.3628350799943731 0.059056023090167026 1.8946438266061099
0.12720865775269852 1.3088279996887935 0.05134819153508506 1.8751327389261043
0.13818683376417512 1.4398918649877417 0.08852264415854269 2.931808786482705
0.13074393661946862 1.3506728342818066 0.04314572284174409 2.000410307494291
0.13374180200694444 1.3864242610399966 0.034388668900754 1.149124581282435
0.12653629550422799 1.3009080145853587 0.09002433454245987 2.986464036523526
0.12817806573889062 1.3202684918804801 0.08728426821933234 2.555483082679622
0.1468783910969743 1.5460491661286193 0.049482342771493985 2.1126997437008503
0.13178896285449046 1.3631073964739049 0.06260835439981147 1.8936919245924215
0.12587997038106286 1.2931886877305976 0.06212626778119685 1.770123073560097
0.126453025712282 1.2999279996616184 0.05066857699495103 1.4262426601838682
0.1288076941803649 1.3277127059236788 0.06090418826434059 3.1713641663696133
0.13065457625006285 1.3496109402228267 0.05794933284797359 1.984852696101887
0.13023919936325928 1.3446777659166258 0.07601487824456611 2.8500162023769042
0.12896996980476355 1.3296330651047514 0.056264428880617674 2.0653672825151097
0.1252829959434943 1.286177470376353 0.05446581510345406 1.738897249511307
0.14398195877636652 1.5104331071849315 0.04012356250559612 2.0440570576409103
0.12870932281099776 1.3265489337860081 0.048429710161344744 1.4430092427864152
0.13348818067357382 1.383390088528173 0.06783554981020935 2.521032915172622
0.14295058111363174 1.4978088662243312 0.05075161560948232 2.614441113741943
0.15185262446199327 1.6077825705747208 0.07609203416939937 1.972495406205053
0.12852326927671825 1.3243485653909 0.05017328454127492 1.8299610870724567
0.12898890681414613 1.3298572110652478 0.05877453441174219 2.1632625483537784
0.1333432988087135 1.381657606358201 0.07781043230999016 2.3923005502296975
0.13415786554213277 1.3914056438506297 0.07718767727867885 2.3715522859263753
0.15909600014378233 1.698983571888645 0.07276006471466566 2.718408075078807
0.12731615404263022 1.310095366837659 0.04471499298896971 1.749899561439578
0.14008062456651763 1.4628394760534533 0.059177767048480406 2.351494238701529
0.1297705426470121 1.3391174742749214 0.05330411852754746 1.816788535948556
0.14562351789660957 1.530588936029849 0.0506160785989599 2.163686516595286
0.1298345080941161 1.3398760276410346 0.042665613728873536 2.1793310062415765
0.12688973112846894 1.3050697330663419 0.08118239232317852 2.5051322208812556
0.12582191349387925 1.292506413299488 0.061760840867288336 1.8663700732106172
0.13233123551543335 1.3695715964081228 0.05916006857788265 1.8981917226827107
0.1295917713957372 1.3369980532006436 0.08993499218433294 2.2493906581199665
0.12814163587707542 1.3198381039031892 0.058098640447923545 2.305968990794937
0.13103895054120737 1.3541801172710037 0.047514623263173156 1.6096189485633041
0.13202040697552925 1.3658653546326278 0.056564956566089473 2.0770605493712813
0.13040865105348012 1.3466896696695088 0.06766905623340344 2.191024173018609
0.1293695945206093 1.3343652501492747 0.04276346705967848 1.813014838496714
0.12582658773845615 1.2925613408535863 0.038157573133549116 2.159883794451075
0.1431921889780899 1.500763462333055 0.054904579428124836 2.1718299973694695
0.1408786458946673 1.4725396291092607 0.0567746568555673 2.4427935920104797
0.1276256558475058 1.3137460967218257 0.06830851131937127 1.7559340897443108
0.14488674608572344 1.5215329360106349 0.03888809931657168 1.5126403439131026
0.14135568843107083 1.4783468137016997 0.08313984592374545 4.434196913887289
0.13675107637723358 1.4225614793864434 0.051183850199451514 2.1892663340146488
0.1449428686933954 1.5222222155819554 0.04818321572002469 1.633414945232584
0.12570509532182716 1.2911338610689145 0.05222947973151233 2.0601812039353367
0.1400328757747629 1.4622596481118686 0.05693560257793717 2.091492322095609
0.12646828775729177 1.3001076070206061 0.07136418588664452 1.8405194221558456
0.13451674116418222 1.3957061830164255 0.05053768363527539 1.8439591801926947
0.14513060873572864 1.5245286353268834 0.062095124720962236 2.2935721859172538
0.1367820807899529 1.4229351107746107 0.03639274580462357 1.218621583482217
0.12951074734610724 1.3360377599405646 0.06278963712325142 2.161747641114539
0.13971239009022665 1.4583695598519886 0.046823724691302596 1.836477662951221
0.1307151458044681 1.350330681201643 0.053801820831504456 1.8347165076511265
0.14702754709410767 1.547889815675859 0.07346624131327505 2.118844788761248
0.1430040584869502 1.4984626916033743 0.040561470175917415 2.30170734333823
0.12710764443943326 1.3076373504647003 0.07117756140627171 3.1099837604892593
0.1257766129552951 1.2919741121965573 0.06719184409774732 2.0423131928979865
0.12597840366376264 1.2943456656480388 0.05820911755931621 2.5083275544427464
0.13819854405392398 1.4400334520691382 0.059968204282476276 2.0584134143082617
0.14144897586144198 1.479483184485439 0.07930928912455697 2.9841730135748925
0.13405425781382277 1.390164737260538 0.06746420401127776 2.1839115102612925
0.1324671311784786 1.3711928167040626 0.06047546570569826 2.07694596810385
0.12868728394651924 1.3262882413491737 0.059794250869553346 1.9198339829277153
0.13641544398434727 1.4185185207935038 0.08549994612634956 2.128093511457398
0.13410237048860818 1.3907409443622438 0.043280365917091314 2.212152670384476
0.1340294803842667 1.3898680227414613 0.04755865782834304 1.5073652514071103
0.13722215744954464 1.4282413306468849 0.057564286089682476 2.2834647112678623
0.1277220880874936 1.3148840929732686 0.023153555168184035 1.1590448567575349
0.12925784363837556 1.3330415064807681 0.03627573040668622 1.6699001606202772
0.13146524156910608 1.359252301454675 0.03793727048753641 2.146921975118234
0.13511610130439594 1.40289649459703 0.07786378374024266 3.4267951246312545
0.14000560824409056 1.4619285591676001 0.06704950603863195 2.169522366558729
0.1256654570971456 1.2906682160649237 0.03648728499949721 1.8517952162930018
0.1254240891765337 1.2878336881526784 0.0627728552861893 2.021874397940617
0.1360442127529214 1.4140504046092495 0.07977570122402067 2.6170021633892833
0.12590406066965804 1.2934718192143906 0.07525258951420935 2.8191100387091934
0.1504162306546739 1.58988177507184 0.06989815437454881 2.424874714985792
0.15768252106871558 1.6810633456088844 0.07548066564760399 3.0521975575416618
0.13213070031312982 1.3671801609297742 0.07651871437857088 2.6735829832802493
0.13167589569928295 1.3617605886131847 0.05282833666192334 2.2635284385942858
0.13760751286079642 1.4328921969034827 0.04027116682823065 1.5686952719629612
0.13764459887941607 1.4333400084593642 0.04149735955265031 1.7570125569945148
0.13051949407720084 1.348006135651454 0.06326417548165737 3.6770056158637217
0.1347195978173513 1.3981386673593543 0.05019015761039659 1.412064273475101
0.13931301101132135 1.4535259099845896 0.07772681400972511 2.71935174611077
0.12685314830058533 1.304638812500021 0.08507043538586853 2.3489762758225017
0.12514616571509468 1.2845718039747072 0.06360712384871473 2.0505709730248465
0.1343184097989802 1.393329064228749 0.038471752958582066 1.775035589206843
0.12872300839044892 1.3267108238573162 0.06748813244857332 2.7056147620306334
0.14077747961437606 1.471308929809853 0.060084323728770886 2.2145525348811614
0.1270049764650161 1.3064274800074398 0.05077949647845227 2.3732769236873854
0.15001237837057974 1.5848597361752208 0.0588734757534477 2.0184861107441456
0.13477817408159343 1.398841276302761 0.08685610044024845 3.2951471076879146
0.12802781484697476 1.318493636496066 0.07346431973758495 1.8989775517515302
0.1252647422600545 1.2859632392109543 0.03396547835881195 1.3144316443696367
0.1568668698374141 1.6707497793003798 0.06909082341101175 2.3947884764626526
0.1251700540074849 1.2848520905534153 0.05391469730655503 1.439675161451887
0.13899646188189968 1.4496900099012722 0.03876444360996121 1.7890845471941677
0.1498433188643155 1.58275884111625 0.06484566744601163 2.4022122503888537
0.1318343805102366 1.3636484910306725 0.05386715070814714 1.837071186656079
0.14028914761423344 1.4653723889605206 0.06610094603956786 2.0068081521456698
0.1421308073883709 1.4877963462727906 0.05655125915607161 1.699503592397805
0.1255029807221792 1.288759986644534 0.05218611293702718 3.379273848197205
0.12672284531707342 1.3031042262413233 0.06494629624287085 2.2411552231524134
0.12888230721709934 1.32859558289099 0.04616604738031652 1.5617230420944788
0.13239843760007167 1.3703732464010852 0.051187589975257235 1.6285889139432546
0.14307969651627012 1.4993875970643293 0.08048959197381646 1.9924694824992284
0.12839261068333413 1.3228038886180824 0.06828918795953776 2.539127540768785
0.14726430656227052 1.5508128522190907 0.07805451449721308 2.7317873352745674
0.15544874774397796 1.6528656502634043 0.08445549450614405 3.1956716615622125
0.13238167674488005 1.370173295452019 0.09076204116596548 3.4581227010569524
0.13935080519622253 1.4539840834306281 0.0739704690096943 2.264809367780042
0.1298676057144997 1.340268569444342 0.0844471850842809 2.330179685752639
0.12538346464688307 1.2873567638124093 0.08665535335394824 2.5353229118632665
0.13145879377443911 1.3591755458841024 0.09178111621290162 3.050632942274797
0.13003264533847697 1.3422264052584318 0.056938160388755786 1.9481274341823993
0.13619569972137877 1.4158732285813918 0.05077630676871627 2.3731198719951383
0.12578194083808503 1.2920367142825213 0.05749193116367806 2.982844950468093
0.13286500619725214 1.375942343670116 0.033161103996828485 1.8673616584265458
0.13350105578492716 1.3835440757918376 0.0596370165602423 2.3709003502405785
0.12750823873892783 1.3123607977920506 0.05926382727066865 2.355129368849823
0.12582224323710522 1.29251028812858 0.07594401901163342 1.8706989225156558
0.12866156540280801 1.3259840395440985 0.05665370272383235 2.2451743252295446
0.13239600024019357 1.3703441690979825 0.049627522530576056 1.952188101276965
0.15791986885539347 1.6840682612874833 0.09222108886698009 2.8803699621222054
0.13627789079880923 1.4168624912300898 0.09111553093810662 2.1735990024991017
0.14039823977333013 1.466698012381976 0.07426085775483507 1.921218907212724
0.1372289345611793 1.4283230879243873 0.057569279169966604 2.1161919598141967
0.13241695274445792 1.3705941343676205 0.03665898026826251 1.688213868995014
0.1330501554992072 1.37815400044378 0.040194781857860185 1.857863087585049
0.1304848560741699 1.3475947092256702 0.05887779093356764 2.3388286319697795
0.1388431613163631 1.4478333476708087 0.05786058420460342 1.6411195233963038
0.13909182511773788 1.450845311961529 0.06551943155320258 1.8735807559363256
0.1267145370793904 1.30300639514524 0.06942046218033679 2.115105910510491
0.141697032765857 1.4825060646566275 0.059748767832003884 2.20139890026331
0.12988447679824897 1.340468674040464 0.04629100444061487 1.9698286084073198
0.12636841855463796 1.2989324364204202 0.04839085518973588 1.7616449910146195
0.14229236653722527 1.4897680767344366 0.08071989106078045 3.5635299988489146
0.1277524322126029 1.3152422358474245 0.059688638760112336 1.7997745570547496
0.1330010050947734 1.377566793928777 0.06838704848119194 2.368603929413324
0.12824413521105393 1.3210491385384335 0.03838045755317306 1.7706552198663348
0.1503682303118342 1.5892846246743624 0.10062688280249049 3.172285266609827
0.14080679754218892 1.4716655559096377 0.07713896534249667 2.369930536271157
0.14876882361290877 1.5694256426487017 0.10707041676921493 2.273477259650418
0.131835172871919 1.3636579315314443 0.06806897527625858 2.3567827203002407
0.1333135674443136 1.381302153444079 0.08227717203637956 2.2649335125505683
0.14122976400616974 1.476813270440961 0.056723438657334854 2.0832299482355325
0.12895676020860775 1.3294767168512056 0.07717676499468193 2.2348100766754393
0.1394064074661311 1.4546582148723 0.04965912398942583 1.9534961586361936
0.13440146868400463 1.3943244415484821 0.06603805596340172 2.2814933228181546
0.1310568045312414 1.3543924514601497 0.08353039490767412 2.9409021248985447
0.12659148698373032 1.3015576745274091 0.0784463784468396 2.5696823212227646
0.14907826339831667 1.5732619672677841 0.0789169037273567 3.4771140872765307
0.15474037293307652 1.6439547145542395 0.0924935537921434 2.72354351738744
0.13920660431387752 1.452236173050803 0.07684513247533976 2.883736023193328
0.15416848104194886 1.636771542235897 0.07904042998227198 2.7692542544282186
0.12730465903560528 1.309959827305159 0.03222782170524455 2.736235596391647
0.14484237833995522 1.5209880898539963 0.06532367447727777 1.9815611557823118
0.12544702995523316 1.2881030281565784 0.049495041230108845 1.6802016468085303
0.13738870196638164 1.4302508516530286 0.058267379494341756 1.9964202903734902
0.14349265787802953 1.5044401890967185 0.09648175848264519 3.4455803959698517
0.12726911937127813 1.3095407958186842 0.06910778106452753 1.8754918660557467
0.14951404732019513 1.578669395661182 0.060710956784174666 3.1606519933225625
0.1375101466634873 1.4317166889108028 0.048072425229122015 1.8879263248876608
0.14824995188880033 1.562999110964091 0.046866474945369975 1.7034219798623573
0.13450932002118124 1.3956172166056928 0.09996038146007494 2.020477742426696
0.1348437357858957 1.3996277868453102 0.057545975133038337 1.6316513006738937
0.15399163553217166 1.63455226349773 0.08056320346015655 2.8272808326037766
0.13811104304366872 1.4389755855695265 0.07680271463983544 2.101694987040201
0.1272400142757883 1.3091976567285482 0.05996151623425946 2.3846238861586673
0.1447322498946893 1.5196359314311523 0.027768911731290064 1.5550448759349353
0.14536163683568665 1.527368247256529 0.06326543203451132 3.3026213959487203
0.1254845194257969 1.2885432098969483 0.04112279953896968 1.9025970417530098
0.12925497242531744 1.333007500039727 0.06885520750089894 2.3860177778933527
0.1403691960558134 1.4663450574335704 0.0434390661467006 2.014628515870082
0.13729017357568837 1.429061917399923 0.0744236288460251 3.006017468301559
0.128430688876611 1.3232540102007926 0.05175614334207583 2.040491482279679
0.148845282732845 1.5703732962116865 0.05854010490431208 2.154097590234402
0.13162237392168905 1.3611231822665326 0.046833512873293265 1.836880429101529
0.1304965928992304 1.347734114283095 0.0958547964331202 2.833010849636433
0.1320078823251906 1.3657160694681902 0.07807333758283834 1.9275913659393535
0.14943436973652355 1.5776803017755372 0.08298325518535271 3.1349231853083555
0.12874795893445687 1.327005983041877 0.0514608509446745 1.538224838878394
0.14388079345604532 1.5091934807199667 0.037352406374645215 2.1125394455846287
0.1298652508925812 1.3402406399832356 0.043275001279108244 2.006675296400754
0.14700458649492149 1.547606430027464 0.09531082533585596 2.6615245290530893
0.1379174422926887 1.4366357615239347 0.04318684548193735 1.2061377674373495
0.13197104172880356 1.3652769800272004 0.06042143033771379 2.074970859468387
0.12948775884196212 1.3357653338153557 0.04120308159723858 1.7440172811640628
0.1354158934819421 1.4064967355983218 0.05726908678179027 2.104486831041499
0.13548404094133784 1.40731547509889 0.04721207755546402 1.7166057835568773
0.127166863396978 1.3083353340012374 0.030387964880767112 1.390371174214568
0.14136774519476678 1.4784936679754328 0.07374086826449809 2.1273958885905206
0.12665716905304406 1.3023309264050242 0.06629566664405029 2.6544141551174074
0.12679883557728916 1.303999112549101 0.05931950069398595 2.0347424626512716
0.14329196883414796 1.5019841454965204 0.05666323033849923 1.7030707254555129
0.12769733885913004 1.3145920034855896 0.06665622765583833 1.9084099350025392
0.15020469212947782 1.5872506270983373 0.06761600582956313 2.711113004498934
0.1269334000621115 1.3055841703701105 0.03968386891369313 1.5448727021108213
0.12520283136172836 1.285236699357937 0.06287362928119268 2.0253380368222658
0.12886723230345898 1.3284171931048077 0.05818296129717806 1.9933491758031272
0.14755251142761533 1.5543732257796108 0.07605685964476422 2.656117276792066
0.13543954289881588 1.4067808505947232 0.04049200486371737 1.8721809391003632
0.13547180958898639 1.4071685152692732 0.04767537050893699 1.8715523410836772
0.1301284287655622 1.3433630077787808 0.07109965892342608 3.1063194084217103
0.12835798404317517 1.3223946019197035 0.044246878479710317 1.4937950468572034
0.12540625040082878 1.2876242588236644 0.05418396414075628 3.11901650383965
0.15907056887129814 1.698660619532576 0.06846385679690457 1.9639671620539694
0.1431016119920722 1.4996556110651935 0.09900724761587826 2.936420593174913
0.13362866810539104 1.3850705758721775 0.043658654402488374 2.2323704920943412
0.12597824653640854 1.294343818576449 0.059237409703895766 2.3540134365504404
0.1328904255344528 1.3762459283590824 0.09964078857472805 2.795818538397184
0.1321233851745662 1.3670929468542632 0.06284582280771708 1.4539888278426858
0.13589398796442045 1.412243399447901 0.09385163213609286 2.7676749843636936
0.1398102251248589 1.4595567842031971 0.06358707332957413 3.3205520740430177
0.12767604565918492 1.314340715182898 0.04094373452471284 1.3775185894257038
0.13568164379363842 1.4096902518821053 0.06449174921374186 2.3881974883993693
0.13031348724904473 1.3455596911522143 0.0462615797165718 1.6803698616312743
0.1427509824566594 1.4953692523724487 0.0639097654357268 2.0609936658393115
0.12572073110696502 1.2913175520791993 0.0423495716810927 1.6532362981135962
0.13473154608043592 1.3982819763296104 0.08565733997167442 1.9388076174215418
0.13075501904538497 1.3508045450409836 0.06928771578892924 1.7829793603202517
0.12781038933245795 1.3159263561131347 0.06892697749638087 2.0989573225651075
0.16759652776479295 1.808037651845087 0.06299106041009768 1.9060456682864413
0.15176296996869318 1.6066634938922264 0.08045613051966734 2.6412763117381695
0.12521979193982893 1.2854357257501163 0.04246077955414675 1.4308216217425873
0.1405246075760383 1.4682339798861266 0.05819553786517235 1.8653317858812524
0.13005945779222763 1.3425445467918662 0.06883765352958872 2.385364516696884
0.1251925985276251 1.2851166243974388 0.051284510164398604 1.6318392259580952
0.13771756004155467 1.4342211227596835 0.04506306844805319 1.522650303436735
0.13040198196291317 1.3466104725839183 0.017602831243514618 0.975548788394384
0.1499481960210246 1.5840620465315844 0.0708967113013775 2.3035054320042967
0.1251932972653508 1.285124823493561 0.0604321970852796 1.7187504668426212
0.13184926250302126 1.363825803674159 0.0759044287272137 2.075094424707876
0.14139393704422254 1.4788127051957647 0.037442900241463524 1.5786675947299667
0.12956161124401824 1.3366405756001742 0.04385758463451372 1.5890436557439527
0.1358388053545514 1.411579783542987 0.06224340856633497 1.7736822228413314
0.1311860522271553 1.355929830569273 0.02934621914930105 1.4784160374290556
0.13968880883399476 1.4580834426077147 0.08092477724646643 2.1088028129473577
0.12981300669587134 1.3396210344430046 0.07070973162142444 2.8445967966807917
0.1304193497070351 1.3468167213410338 0.05410489303490329 2.537585597408595
0.13801456645190713 1.4378094553601033 0.07798669518851349 2.5533507474543353
0.14170013339449117 1.4825438607080446 0.05508103523674948 2.019394790605651
0.14032231724106636 1.4657754110596413 0.04230281660740178 1.7926222788245119
0.13373020663932494 1.3862855023055611 0.04261048894070085 1.6638752795985483
0.13134020181174227 1.3577640115605258 0.06858123180743886 2.087653478380636
0.12595446247381356 1.2940642385934713 0.053400832067567 1.954319694435307
0.17614734049762687 1.9200072967223734 0.11692648876224898 2.6205860108322634
0.13831182668624586 1.4414033314000723 0.057800251914359654 2.2933992408113095
0.12600294691554959 1.2946341859030306 0.06253834949528056 2.7073264088371287
0.13274671616554581 1.3745298327335582 0.08505277532531627 2.635667140857973
0.12958618917044545 1.3369318871923024 0.07480745560974952 2.160654519757516
0.13212087767250205 1.3670630517268716 0.05708291903237927 1.5293972563606544
0.12906383667728855 1.330744206257749 0.02852232525730462 1.8019536199128015
0.13621466856696499 1.4161015233982066 0.04561547270338587 1.786823710809705
0.1421871736787233 1.4884841779653222 0.02352463955848287 0.9777085294981276
0.13039673736099497 1.3465481925035416 0.029492775083782653 1.8651268370757628
0.12793864429506616 1.3174405886165952 0.05443183643503993 1.6321432087470358
0.12570898226224952 1.291179524680433 0.06446485008924109 1.9537139814624804
0.12620946499906746 1.2970625685369965 0.05997204066373212 1.925906521774841
0.13307349579229205 1.3784328733920808 0.04442425461914314 1.8866995547014402
0.137618037381073 1.4330192759703169 0.057708309122049856 1.9760916840975558
0.13097049427984375 1.3533660605209967 0.04370640019976363 1.474714299813677
0.12793935888165917 1.3174490265768013 0.08874821538531605 2.460417873533593
0.13773610659211935 1.4344451236486475 0.04375247299759734 1.3812090921220768
0.142785053800498 1.495785612247199 0.05080113975331198 2.172020716276566
0.1269671847056468 1.3059822021378296 0.018202500906684366 0.9066047684567031
0.13453283317383094 1.3958991030605465 0.07572722896057174 1.962263944621089
0.16388972497951626 1.7602100754951258 0.07736118216695886 2.7054871632034936
0.1538601040717445 1.632902243722375 0.09433547606796586 2.9532880367191106
0.15266480497125043 1.6179310816840484 0.09601711160744329 3.6796128813911486
0.13096289907465636 1.353275749030932 0.0803574888265444 2.334962387615905
0.1360753853945345 1.4144254489160024 0.08593237906449172 3.256808428276087
0.13216300591611005 1.367565339133196 0.049359790357829364 1.4721607799708352
0.14069732139445684 1.4703340017193243 0.08554970429537417 2.4999480233803846
0.12805600313857998 1.3188265672149715 0.07076080325846537 2.0348753215815996
0.1343576995244018 1.3937998883213534 0.044433444564200286 1.8871080006297702
0.12840728572604831 1.3229773573548733 0.06471759004393107 1.6572387816263472
0.1297316107973526 1.338655843891569 0.055279031962543974 2.3746772395031286
0.12541040110456403 1.2876729878120006 0.032122838537468085 1.2407565873035988
0.1503260196948787 1.5887595573719302 0.051038607430626444 2.010681070379641
0.1390543149741128 1.4503908552953448 0.05949233725480723 1.9095271649754273
0.12861999654681902 1.3254923964438816 0.06361754660734997 2.7572196493651413
0.13246419067771226 1.3711577314775125 0.07281289678873329 2.2265837956429984
0.1262253668328428 1.2972496009071983 0.05524907077205313 2.1862537492908376
0.13051980386080186 1.3480098153752087 0.06485841739641465 1.7521715106780322
0.14902909141165524 1.5726521639813829 0.09958553886610981 2.648862006103069
0.1329561653935351 1.3770311460387183 0.06357811318192887 2.5382184479501935
0.1630527178539175 1.7494690974725127 0.06527666617479809 1.9800355990645078
0.1252155771099792 1.2853862654902108 0.0660621047598393 2.0055455290931397
0.13319867496343443 1.3799287871660593 0.03677562594054682 1.4273337223824942
0.12908185273884984 1.330957497257537 0.045405780399072594 1.3486226862601838
0.1295232031047102 1.3361853733824565 0.07169579350446569 2.6755745743040946
0.12674558836598718 1.3033720395375252 0.04881195324004493 2.2766010896756583
0.1364282372005085 1.41867256762658 0.06201805219687468 1.874656745724858
0.13017650239796194 1.343933562103576 0.05673724201833952 2.4410869460925406
0.13436599537038318 1.3938993061418814 0.04311275461218764 1.5608411610291224
0.13799240700476206 1.43754164693258 0.0726005909669576 1.8749032366449172
0.13835978374080496 1.441983364456463 0.0869209118619393 2.8737105700043655
0.13116868714140156 1.3557232492626419 0.013493042688382332 1.123842394296674
0.1307697697277685 1.3509798569564038 0.046729902348974624 2.3971088891759087
0.13305059068730238 1.378159199992059 0.05379715500055279 1.8345483499564526
0.13643794812675825 1.4187895027584332 0.03672505010606715 1.1509044745728882
0.15578637153466132 1.6571180199073234 0.07351124404935692 2.9662417029659123
0.13640012157704282 1.418334025241664 0.0515622568210531 2.9598974177415647
0.1329752417030264 1.3772590218054275 0.055163092621549364 2.022578841197918
0.12771169176886463 1.3147613939822709 0.05379495420408712 1.834469033286332
0.1346649544139823 1.3974833179426023 0.018605995396844034 0.9270824670195336
0.14423422144073889 1.5135254774015738 0.04090711416599219 2.6177591023986575
0.13383408230225405 1.3875286876545372 0.046812553461145004 1.9931121294102065
0.13301168947080594 1.3776944359477807 0.05491767839420724 2.1723782549387343
0.13010065979441596 1.3430334648578408 0.06093972733344043 2.4260511644633778
0.13415883599610967 1.3914172683520643 0.05351064619386013 2.1135736169616037
0.13180580625396565 1.363308057905355 0.07350724096146173 2.0043600089686517
0.1420006450394174 1.4862083346351125 0.0684432728180257 2.2179339571132144
0.13101120527552157 1.3538501652914852 0.04893702571335657 1.7825511418481337
0.13282280335243488 1.375438351833896 0.04604119679474831 1.5572957080735779
0.12533743989539578 1.2868164954105819 0.06553305258570698 2.4294622566842725
0.12823658605766045 1.3209599352077857 0.06208901396042923 1.9983901850269823
0.14079847878230653 1.4715643632394857 0.0782779891991299 2.5636979167889726
0.16212286212019053 1.7375617927984919 0.05969893244892167 2.1994461771646643
0.13152962153692477 1.3600187533072008 0.06457296848325232 3.3755900272746238
0.14002035938635074 1.4621076684934173 0.07748286692733036 2.7101001703834133
0.13758182358964802 1.432582023001306 0.07186786321517899 1.9561968646532804
0.13210906775136858 1.3669222529305443 0.05984952696536398 2.5835154821947373
0.1329304177001672 1.3767235932568034 0.06514240740282971 2.1035144165751887
0.13834963343502257 1.4418605927127108 0.0722423602393148 2.350631410900433
0.1264664890827315 1.3000864394663012 0.07065346078719743 2.1555290013887682
0.12686133117962262 1.3047351980552027 0.06930396505533877 2.111292162781192
0.13020716631560247 1.3442975249188749 0.038388436829884125 1.3829753966883254
0.12810455954895292 1.3194001154020092 0.05744838374922437 2.1114770979108997
0.15211430173392887 1.6110502068428891 0.0759002562316097 3.6437748090209308
0.12600987827501767 1.294715671015019 0.04386715004714451 1.861953778530249
0.1348745765840657 1.3999978094998176 0.01088341644159647 0.9040936789615299
0.1262242456384575 1.2972364135482088 0.04530285997214276 1.268038879264361
0.1419703798839217 1.4858391615724678 0.043134087221494755 1.999846514351403
0.1341869472218804 1.3917540076186503 0.0665289170697449 3.16181694164939
0.13659647681508927 1.4206988144717116 0.07911653207709268 2.5935206736463825
0.14104965224085614 1.474620599930253 0.05462595309208752 2.001746393875713
0.15183151109212326 1.6075190100057544 0.08532565729976367 3.010005215712056
0.1446027962954277 1.5180469436996356 0.1027435301808216 2.892847377454794
0.12827733438234903 1.3214414494285343 0.049739641952640114 1.9568293763078934
0.1358022220342838 1.411139885985969 0.06383517525970632 2.362225965737112
0.12947194608164114 1.335577952462145 0.08699866842817645 2.701713615388423
0.1253786240827364 1.2872999394534343 0.06186229018665209 2.676129439363228
0.1362309621588723 1.4162976288711147 0.0702723349341654 2.2816854768701584
0.14296640141256448 1.4980022799582815 0.04287107482681824 2.1902958983839014
0.12729159202964452 1.3098057564091168 0.04266667948240314 1.6661672251477664
0.12660510517289972 1.3017179871170486 0.08005709502430908 2.4673858493895677
0.14648399291517392 1.5411852214360744 0.08542728473213766 2.81971691785722
0.1278663156979723 1.3165865917525388 0.06696425751714839 1.8131444851809964
0.1474588509904146 1.5532159162431645 0.09478208145413097 2.7979868619599295
0.12780525394413084 1.3158657348123701 0.055486459850689875 2.196199283965828
0.14111626527429114 1.47543143609284 0.06060572892173443 2.6182643161291637
0.1307492482457971 1.350735960685444 0.06984711764479723 2.1290814182229254
0.15696608102497472 1.6720031968797104 0.10427985822520955 3.5144327713074883
0.1400839523151374 1.462879888306192 0.0710264245036887 2.4670087766073268
0.13750014204068953 1.4315959175307398 0.033640377869191815 1.4127646036310693
0.14593680738612466 1.5344444552358623 0.07726774678540962 2.701945901341985
0.12738565960460116 1.310914994510615 0.0758103193297363 2.0723105952541623
0.1254815707743066 1.2885085870071076 0.054054416825495395 1.7250122384879507
0.1280046079185695 1.3182195566022106 0.06755518735625649 1.936012409870588
0.12828144478822917 1.3214900237134966 0.06329724050552268 2.340974485388843
0.14315523873234196 1.5003114938983217 0.07846541098761749 2.4141526630093906
0.12972334802349084 1.3385578742176707 0.06537117489207052 2.8385387971852536
0.13944472848870687 1.4551228762209198 0.07190160409570857 2.0702229971076322
0.13982601519791427 1.4597484214384548 0.08115360464077678 2.849830312191269
0.13803242723694986 1.4380253222455617 0.06088461384074818 2.2459614766926927
0.14131946056461855 1.4779055744115588 0.06925029999814301 2.2460318076812396
0.12845858459766818 1.3235837899390477 0.07709086572123382 2.893727831924581
0.12696836461983482 1.3059961037833667 0.03908567925990451 1.5206382657015154
0.1366426217674894 1.4212547137595646 0.041039809849276826 1.482581116902318
0.13555279967070047 1.4081416893700274 0.03424358636396838 1.930479579578796
0.12852859398311836 1.3244115251511128 0.07715057157812218 1.9029041016915929
0.1324096828934328 1.370507403020008 0.052723748488297244 2.0807626663549246
0.14705260736995984 1.5481991334898315 0.08653625437485869 2.5315082626526944
0.13262956042072566 1.373131246155712 0.04752690291143632 1.6100556946226827
0.12770094792034764 1.3146345964617743 0.06293322069128693 2.5107434202229695
0.1288077286878453 1.3277131142069083 0.0685803028329514 1.763435170895475
0.13505092134178273 1.402114070727194 0.06400743164034346 2.2065415161873583
0.1425647635462263 1.4930941979244543 0.06078884592885781 2.242200059341564
0.1443885705352411 1.5154184700613216 0.03210079713320157 1.345963863245081
0.12977204000447143 1.339135229861083 0.03403606103709016 1.563167499525029
0.13175525731654558 1.3627058737445623 0.07696334300370805 2.2281147115032294
0.1301007863591516 1.3430349667927557 0.0802772779222761 2.8163707446237725
0.12816849861179858 1.3201554608904469 0.07166579344684958 2.674368591486964
0.12608088844277368 1.295550541512523 0.06043194807461388 1.8236289169558952
0.136790021068588 1.4230308026750962 0.07007796024891672 1.7153135304991378
0.12692482589413487 1.3054831592212082 0.039812032661561504 1.4363880895990324
0.13012965071395213 1.3433775094994298 0.05492328078098561 1.7543512657322953
0.1385751780716896 1.444589321559316 0.052313310534011115 1.7811542274397827
0.12853292592184792 1.3244627469134709 0.07874212375145306 2.4233939924905337
0.13037935789963556 1.3463418153356146 0.03683151376031405 2.081952777085768
0.1468507100917532 1.545707641350516 0.051676915790792644 2.0371977159165553
0.12607710763898156 1.2955060869722048 0.06667525878552713 2.3050801667883407
0.12964337609672502 1.337609762912508 0.07424445422802264 2.778314462405935
0.14268591070637154 1.4945741521627636 0.04157420300896505 1.7604072679152651
0.1469965509380544 1.5475072567120034 0.08305437055740725 2.1693240154916276
0.13146195080063747 1.3592131274823958 0.06868377847739392 2.5548812216906587
0.13453551225877877 1.3959312221312894 0.10690949942039478 3.1988464767280127
0.1275162465285421 1.3124552626569548 0.07326745407752924 1.7141640540663605
0.12864135155577544 1.3257449605089993 0.06255516397034276 2.1531364263079373
0.13237164367407725 1.370053608237168 0.06069561475931384 1.632445161841503
0.1652501379730418 1.7777136678939536 0.08583413023065227 2.3720434731625786
0.12798217360340935 1.3179546153405441 0.06068026165750482 1.6320055554805515
0.1266367062903601 1.3020900130312882 0.038013435366808616 1.3689318118738176
0.15641329266092321 1.665023116029873 0.04222385284767302 1.6481121433856307
0.130906944913188 1.352610469546331 0.044414362152930056 2.530506086527879
0.12823812903766982 1.3209781674519185 0.07347564813268698 2.5588256170888237
0.13592853332222993 1.4126588786999328 0.052840351030273236 2.085621153945473
0.1298143657412561 1.339637151502155 0.07694119394366573 2.689574967084057
0.1279556474249627 1.317641368220767 0.05995952387468976 2.0580964538156286
0.13165480638866403 1.3615094205258798 0.0694610015494352 2.408577165557141
0.1366007757636423 1.4207506005607695 0.051899672225718015 1.7662998047345757
0.12975088621628308 1.3388843950168043 0.0918804934202597 2.8686557290474504
0.12617975361687717 1.296713130840821 0.0668854028966193 2.032331183950259
0.12562754240492663 1.2902228575441779 0.059941934366877433 2.3837954735342195
0.1350438157147023 1.4020287815157477 0.03928774089903274 1.8142238056007518
0.12627811243254672 1.297870026812993 0.06011085439695203 3.1274121993663146
0.12633702679167597 1.2985631019969164 0.060655499352846115 2.23696396536271
0.12988360726496645 1.3404583604880724 0.07289090648030229 2.10094692691575
0.12983314110265015 1.3398598155981198 0.07721360989996409 2.699894406225571
0.12831626284504996 1.321901500777592 0.04907438669329109 1.665184800099394
0.13796343612766598 1.43719153960379 0.052547484325767224 3.4039720166861276
0.12706847511123218 1.307175733679987 0.05992170546278658 2.3829397242059236
0.13063691847975473 1.3494011338700702 0.055186985475491356 2.183653479070574
0.12717160014191797 1.3083911676798183 0.09617656380164662 2.4221122156207326
0.1276943892476 1.3145571933836067 0.039769278019234765 2.254891661086912
0.1302124921928419 1.3443607425906712 0.048054973471957134 1.6288480610591987
0.12948857290064664 1.3357749806024006 0.023644729643193398 1.3184997393339233
0.1405986566016496 1.4691342362698439 0.06652461616147413 2.020587325032058
0.13208871758938553 1.3666796457100368 0.05135784308548956 1.6342989575603812
0.13765717123249263 1.4334918276464965 0.08398956881397134 3.427818744776207
0.1348437244976573 1.3996276514157744 0.03268549489740387 1.4990444186920582
0.14568133293941465 1.5313002281655277 0.06450431778635969 2.2248518728041415
0.13276601405762617 1.3747602441363558 0.06319908003395715 2.1767950966248
0.14611982547427 1.5366980893867859 0.06446698701439488 2.3872173301964192
0.12907828462975185 1.3309152539415126 0.04529387590118022 1.7736286456133097
0.13889565164631482 1.4484689970135942 0.08435379837636099 1.997434943866851
0.12650653801415612 1.3005577726757305 0.034010967332103154 1.4288758749317885
0.12725725467719037 1.309400912382815 0.06756279670242792 2.940598562358977
0.1329237876430861 1.3766444010616792 0.06786376063492817 2.7217701476969935
0.1323680373404583 1.3700105879844668 0.0535211161246605 1.4285711286274512
0.13106670448885285 1.3545101935788346 0.05955344880293041 2.0432753769245173
0.128209011578301 1.3206341190306419 0.04828745776224635 1.4385556444124878
0.14906320589337768 1.5730752250851743 0.06711710511543416 2.1718670390273114
0.12661598789282585 1.3018461015039189 0.05341143381197532 2.5032263350033293
0.13720983822343819 1.4280927180594871 0.05707764426120035 2.0970259790291017
0.13670944034555121 1.4220597695339612 0.07462081059589472 3.9432026135026716
0.12821580783625766 1.3207144207466162 0.06604759985331704 2.134811067736287
0.13351503934983347 1.3837113254243463 0.04722494164726451 2.1989137101839984
0.1298221165948086 1.3397290706347849 0.04391295799529373 1.1603336754088038
0.12785332326926782 1.3164332027977192 0.052799903894751234 1.7986451922980675
0.12885010163581634 1.328214483939384 0.05199635755085079 1.7697707707532495
0.1364576377341416 1.4190266052927365 0.05020143858098082 1.7054490822344297
0.13401561284946495 1.3897019637364392 0.07573430030087858 2.473562733180528
0.13472144830039545 1.3981608620267203 0.04399242256541938 2.2502221888468408
0.14178597415628846 1.4835903511035584 0.07246279288981422 1.9736555733138608
0.132357932463432 1.3698900479736422 0.05877820487158086 1.8851742158379945
0.13202856164076143 1.3659625549145447 0.04706645303293403 2.191169587769187
0.12766830983451516 1.3142494251199996 0.09284565136190014 3.089637507327323
0.14825668387985055 1.5630824405004837 0.08459551664782108 2.469487790346634
0.12922899148891068 1.3326997938926433 0.06226591706353487 2.482353370052699
0.13658577107408965 1.4205698529790785 0.023680056922810968 1.3205174724914273
0.13555176635316254 1.4081292719127683 0.0585117355582113 2.1529888079120894
0.12866906683034968 1.3260727654111315 0.058095165931087565 2.1367153678860955
0.1337723282261916 1.3867895780924449 0.055050103073651074 1.6517620027080928
0.16137809457731392 1.7280436868315037 0.08978086652156299 2.796636033710378
0.14461511781223174 1.5181981643542437 0.0888054383368469 2.9420875437408487
0.13022585291262215 1.3445193365098558 0.09233352441704752 4.128391099662303
0.13733090255799096 1.4295533578605557 0.07664308928983124 2.096964287385061
0.1255561858838777 1.289384784975442 0.08757438771557241 1.9863636477358255
0.1362359499591609 1.4163576622289644 0.053640986171338494 2.3003215379256563
0.13138743070680461 1.3583261047064707 0.05570414854124878 2.884618056363507
0.12738636797317937 1.3109233484493523 0.05623303919857407 2.0641463672458156
0.12925489646670005 1.3330066003943684 0.05463220717900189 1.8646702708676972
0.13904953844307316 1.4503329877548758 0.07779503931314606 2.922389868019165
0.131606199311415 1.360930569609537 0.06477278655368134 3.0725756346822704
0.12523310415290706 1.285591945273706 0.08345054599648352 2.9378348752030763
0.12781655084704974 1.3159990913852162 0.07046004132164217 2.1491807729542423
0.1310874243289183 1.3547566273448555 0.07027718957458731 2.6186327919822876
0.12810428696291068 1.3193968954381157 0.04820476812807919 1.4359674322730278
0.12919443640100273 1.3322905679266612 0.08860551438991987 2.212905949911347
0.12743648644998654 1.3115144405534278 0.036418928641915184 1.676741226086965
0.12829160728939568 1.3216101199581332 0.08217794814541299 2.392596024110232
0.12964939527569114 1.3376811175359535 0.06216078584914542 2.000853338725117
0.1359381613719031 1.412774681795784 0.08863471640469142 3.3691867285004706
0.1518572548826771 1.607840374390992 0.09982216485291966 2.801472124296104
0.12709787822789687 1.3075222502260044 0.05474273968756716 2.006273837006213
0.1279471434653979 1.317540949163422 0.027529428370948954 1.3842979794075536
0.1424146665154574 1.4912611671102678 0.036993415424145436 1.7042068621457622
0.12537876994986188 1.287301651807854 0.058995651995298576 2.7813491592304396
0.1325465579078924 1.3721406040446484 0.05202108867617707 2.22704234966575
0.13622857933413648 1.4162689493448437 0.07889379738504179 2.428461767053737
0.1297885872123429 1.3393314498522173 0.07133680314109818 2.3189028617757255
0.13607619830009046 1.4144352295079732 0.039020045666324034 2.492097043201262
0.12887884535499056 1.3285546162168906 0.05723920400377888 1.7214332532699501
0.1288958390401501 1.3287557176918336 0.03095620699994089 1.2964388983132273
0.14328377936365264 1.5018839467401246 0.06229215190954898 2.005362693293917
0.14007666392614593 1.4627913783569624 0.05914684350787077 2.0284477664607046
0.12876992711990182 1.3272658756074183 0.07143784084689389 2.1813002816670672
0.12540095495171164 1.287562091271431 0.0572546501388647 2.2704360989290016
0.12564833496688282 1.2904670890743615 0.03296474876168526 1.1809218750183992
0.13622813156764518 1.416263560073625 0.0767532174870535 2.357094009677489
0.13618712590558718 1.4157700438469107 0.06027396307003534 2.0695817702502914
0.13077397223540582 1.3510298048645 0.057289729101449374 2.971716591557485
0.1534789688634616 1.6281239209656255 0.04622602108105213 1.6790156577858153
0.13355682599595503 1.3842111443976557 0.03908135387654788 1.988803331346397
0.13273535711224937 1.3743942136267562 0.07946117121504265 2.605793510329434
0.14406777363276743 1.5114848668721406 0.0714581503866827 1.843129313421637
0.13666145777586802 1.4214816445767984 0.04403029900229081 1.7218702556705832
0.13349359207336617 1.383454808703881 0.02770926785977062 1.264317186822846
0.12692466242919415 1.3054812334814438 0.06953443044350506 1.887935838670714
0.13274282347116326 1.3744833563004946 0.07758985563145512 2.539264969248559
0.13637780509310618 1.4180653264337701 0.050355714515899784 2.5929650475095993
0.14066305012516053 1.469917231311789 0.029948718403626114 1.5097060925761179
0.1350163890441917 1.4016995909056418 0.058731661148139346 1.7691186083670811
0.13048380010825716 1.3475821670924988 0.07018720035210506 2.017135025109171
0.12986389708477086 1.340224583159095 0.038002764436467606 1.4768428426691187
0.1308010988704727 1.3513522236745301 0.03678787804878494 1.4278274123917394
0.13273215278618086 1.3743559568697359 0.07017979490412264 2.139987479072025
0.13151404104042866 1.3598332550567183 0.05688373626224822 3.7018122232979307
0.14015972941281976 1.4638002117156095 0.0700933329966421 3.059039362104914
0.12758264363083724 1.3132385909572846 0.05791388065325874 2.494823217231827
0.12718278698695365 1.3085230333625102 0.05688975022884251 2.949717476684639
0.13306788029074726 1.3783657772556246 0.08254138846198042 2.7158916302708622
0.12851792395410325 1.324285362636726 0.05625818393706351 1.9234752953324603
0.13494338443030618 1.4008234494410623 0.10200618367954016 2.585602479483528
0.13189535579548545 1.3643750243138022 0.06966149347406986 1.89164405909663
0.14139539224664688 1.4788304312706857 0.0899507646187208 2.9837821970038574
0.12977726689799887 1.3391972105691132 0.030106169071217888 1.5178895056717352
0.1334179834572368 1.3825506052223322 0.053496702856241134 3.077219356136268
0.13558341477769598 1.4085096069629353 0.07277193303537045 2.5323949841467197
0.13126750230427256 1.3568989002011924 0.07521838939704587 2.3061256252411986
0.12690653519862757 1.3052676855655285 0.07356733082770577 2.750963580032761
0.12627693911156457 1.2978562246815235 0.06871488365967106 2.5561236365127415
0.13052507636129276 1.348072444480823 0.06692158751978466 2.9106890237575267
0.16145471029762754 1.7290220531645941 0.044598727292119306 1.7451371628735706
0.14834370402174687 1.5641597066867718 0.05682223552384037 1.81866165582118
0.13065718656728492 1.3496419562511621 0.05820358145326686 2.1409492728795296
0.13833350537366007 1.4416655237292941 0.04136336485761198 1.751094379525166
0.15363004633991936 1.6300174765969426 0.07117877490894335 2.047816080468932
0.17452396174041993 1.898571374322727 0.10874486703923628 3.936958393506941
0.1343642485748003 1.393878372300534 0.03938008593816669 1.42016490753442
0.13177906733878894 1.3629895112930783 0.05959127955594259 2.0446555969449145
0.1277162230528911 1.314814872550936 0.05750208854740021 1.7298216943482694
0.1282720155073883 1.3213785948684427 0.022850484627407047 2.3104221469392727
0.1287397269237121 1.3269085983835598 0.04208178686021241 2.1481994488021026
0.1455213287244333 1.5293319492628716 0.021166953212565825 1.776828024629943
0.13138489140784193 1.3582958817682624 0.08750074705975447 2.5624288458396505
0.1472129787342375 1.5501790201629644 0.05960396362094326 2.572243427280448
0.1290244384606313 1.3302778040392786 0.06623040634601912 2.1411388903195827
0.12732508083857685 1.3102006266309612 0.07277524249837068 2.0973514636920756
0.12570835140046627 1.291172113315311 0.05601011045779265 1.9144903818633225
0.12769838356217736 1.3146043326976813 0.07966975462080357 2.4544144644260655
0.13010457121230753 1.3430798815838676 0.06285588986474047 2.7219949448072343
0.13358087318140213 1.3844987997594633 0.05914153084430879 2.028254115225396
0.13817469034546093 1.4397450450829934 0.05572056397465089 1.7813207201301573
0.12890742039646866 1.3288927747348656 0.08792782472946618 2.910209609490006
0.125394651503975 1.2874880909910342 0.07947228534870347 2.1810542594911637
0.1435321626182704 1.5049237858742783 0.07347207647601334 2.3938170154482483
0.13140427464648013 1.358526587089898 0.04233751859518691 1.5315339558093568
0.12712844547195062 1.3078825107955 0.04937613514756508 1.472673585338287
0.12517392676163633 1.2848975318699962 0.04449901834163557 1.3204361624635013
0.13173263411731573 1.3624363886703192 0.07843827799384348 2.4132468057611387
0.1305731498476972 1.3486435177691125 0.050411243419032116 3.2582421004889848
0.14506525356992006 1.5237256205780156 0.07192993718452614 2.8974892564956236
0.129239650217 1.3328260286976588 0.06052524862348825 2.614563442360661
0.14224568152410696 1.489198238437526 0.07126388183040387 2.316350565750769
0.13014109023718703 1.3435132723404575 0.07826600705083557 2.5632721652020094
0.1323949497107619 1.370331636504755 0.040826647772862885 1.5912540948804534
0.1321570757062049 1.3674946313671354 0.055016609334243564 2.016895277183464
0.15751329092611008 1.6789218598728224 0.04059164727372038 2.0689121019683574
0.13553999792742408 1.4079878519192404 0.05319760980979877 3.0590483736368546
0.12833801264945854 1.322158554940708 0.08184815644684483 2.3821382491459047
0.15171599018538037 1.6060771818184467 0.06259575337850022 2.1546267965953296
0.1411024331757915 1.4752630568086664 0.06715372423108762 1.8186438457624803
0.1324652758710965 1.3711706796714893 0.05796452679241569 2.300318408082054
0.1459276359494804 1.5343315461133693 0.05173884642938982 1.5469878353945477
0.13622662354325382 1.4162454096889816 0.05602242450486122 2.4085071370786952
0.1289244530777325 1.3290943509189699 0.08412929314403685 2.7729383828682903
0.12930710499812026 1.3336249894178969 0.0550460618909273 1.7585015801485164
0.12688213639891696 1.3049802694024975 0.04768073321525308 1.7344990139909164
0.13684897803154258 1.423741374853126 0.0779850053645901 1.925226027009843
0.12865080674182813 1.3258567902286653 0.07664884974717913 3.103356471356398
0.16340944612812006 1.7540442208426448 0.09451891740967633 3.902404414482615
0.1316193009989674 1.3610865883251535 0.04495745051119404 3.308613342238278
0.12626412174444843 1.2977054525092035 0.05940469596918615 3.8762294469092504
0.15839687769081698 1.690112505477353 0.09106866463591343 3.470975877302084
0.16139163818508154 1.7282166227933382 0.09712446575453797 2.576358386723973
0.1265792207706937 1.3014132816073147 0.030162060377460265 1.9087688571836119
0.12846474941089758 1.323656672441064 0.05953450086263628 1.9109661613735978
0.1470925939047256 1.5486927230608256 0.046420893835906196 1.1659026505333643
0.1373491894445482 1.4297740245764936 0.07626879302729223 2.085877954696421
0.1311709320848081 1.3557499554521755 0.0732772874127186 2.3869687056613547
0.16598722174003874 1.7872211194837833 0.03807594030264346 1.6064143127560937
0.1330577076491191 1.3782442328992872 0.042954953194713257 2.1947736088631884
0.18452756052466604 2.032021455657819 0.07289377933369842 2.3734939045652808
0.13031951108044426 1.3456312110166677 0.05658553647002893 2.6609091342576146
0.12560375410311791 1.2899434519976374 0.07257256567519246 1.6966342764090612
0.1403012006685375 1.4655188340186365 0.029338815559959524 1.6456159362563743
0.16177465190151952 1.7331095717532128 0.09030349878813151 1.9646736515612737
0.1340929974635344 1.3906286861005361 0.041770422703895776 1.6296420234118967
0.15581368990185984 1.6574622433240331 0.058150026266010256 1.6498359265732256
0.1267000243521971 1.3028355094579607 0.06621889683958278 2.651122389565041
0.12622098199646303 1.2971980271602834 0.05122605186251746 1.4427819652136094
0.13299138809465008 1.3774519061182446 0.052233217110095785 2.0603367486755197
0.1324430097508967 1.3709050136539798 0.08345673120086787 2.433217713782167
0.1281913396706245 1.3204253210874184 0.033916441474270115 1.424765215890108
0.12934845931737182 1.334114867308791 0.04537334968685931 1.6465730039897377
0.14231965330750337 1.49010116837805 0.06402539603368963 2.2072031690453273
0.13536710441591812 1.4059106516341573 0.06616712816224864 1.7900318746699746
0.12691530979112414 1.3053710535820235 0.04405866053185634 2.828730360847415
0.13968457327035672 1.4580320531227577 0.07542804123033402 2.6323656483563127
0.12997469135407566 1.341538822791425 0.08394188167953538 3.4256941764829265
0.12861420808650928 1.3254239388969917 0.07295428717347197 2.7262355173444286
0.1350239905235184 1.4017908261236733 0.06659052723407931 2.022732098468314
0.1400466940584934 1.462427441067147 0.09127431270460584 2.684036009295982
0.13167889318400855 1.3617962888502937 0.06207797239419022 2.292896707906298
0.1273604800529062 1.310618055602659 0.04116579755698791 1.6050402715587324
0.13378479665159468 1.386938799142854 0.033585275156669446 1.6993945900683363
0.12717511518009783 1.3084326010628404 0.09937444021247366 3.1284451425669855
0.1431303602577422 1.5000072070486008 0.05936611829087551 1.4365694845752361
0.14472906432912663 1.5195968241994569 0.09274558572651712 4.148698492416361
0.12541178881412415 1.2876892795339596 0.052971270735948685 2.0910776217282234
0.14132960751393403 1.4780291559845795 0.06583570291334398 2.2740097082446185
0.12710366871956 1.3075904940823357 0.07333916670497158 2.389143919069108
0.14003039013098462 1.4622294659549322 0.053251577234819956 2.495312958996709
0.1336720356239539 1.3855894410238159 0.06935283898929143 1.7847800577714517
0.14599310253961553 1.5351375553340456 0.05186075714689137 1.7649029681592283
0.12990373467082392 1.34069709735241 0.041764623475127806 1.3157201268520435
0.12951318246620377 1.336066618264849 0.025222514857000965 1.147915800628341
0.13670787497223158 1.4220409078921596 0.06772112925553768 2.343864236924906
0.14102496472988213 1.4743201272154565 0.0362826263338741 1.8410173731506385
0.13329847313364138 1.381121702955849 0.03052329097812378 1.539582039403664
0.1264483819852431 1.2998733524276993 0.07424596554327138 2.2739209501517235
0.12521371325846256 1.285364393684434 0.060102459708628965 2.390587530615187
0.13566006925984728 1.4094309178915692 0.05065189073308501 2.609029746486247
0.13392629850366508 1.3886325822906909 0.07048581606131872 2.8349057701920755
0.1292882457295269 1.333401600422753 0.07848214568365403 2.5709537386912036
0.135366565721949 1.4059041808834203 0.05948650855764171 1.6901530019134754
0.13702163099736644 1.4258228138190978 0.08292340986859943 2.2843317768914417
0.13676670173799504 1.422749775848461 0.06738952053074233 2.331557754990496
0.1343543829097054 1.3937601423831911 0.05264256852417013 2.0773808403745773
0.13575809823789892 1.4106093672277356 0.06778889079709675 2.951154651941303
0.13250638311107543 1.3716611824820093 0.07353906673345732 2.3961728954819947
0.14168945035850292 1.4824136377571098 0.05093492869961069 1.7317046172491433
0.1303962623113381 1.3465425512867866 0.07162568429125156 2.884287742109812
0.13072274306200515 1.350420965609755 0.02863415598814049 1.6049264286163611
0.13672568281037156 1.4222554837889803 0.06206585208646577 2.1351799218650998
0.13842402188548403 1.4427604159205414 0.09243732811528707 2.5731102522038727
0.1375653048656444 1.4323825846327274 0.058115637137562265 2.137514746506875
0.1257240685553195 1.291356761658955 0.02861624603825605 1.1013230842378887
0.12874733754503626 1.3269986319429914 0.04754133040449904 2.214380908732134
0.125506427407225 1.2888004594193998 0.07911697982052708 2.2958198489783843
0.1355325244912241 1.4078980463838595 0.031997280157674515 1.616386986975767
0.13280428087407178 1.3752171694888016 0.04924294218821951 2.1019488845427037
0.12688668032210565 1.3050337952842908 0.05734888718686377 1.963035317531763
0.13069230015300276 1.350059197198561 0.08009788799893285 2.6284916214704594
0.13351444516966898 1.3837042186564776 0.08988437099517739 3.1867039143319915
0.1426257032295198 1.4938385951450484 0.07571084406169587 2.8376833571436353
0.15505137524653506 1.647865099632704 0.06477641434610913 1.7498027301529953
0.15248057511838511 1.6156273524401694 0.05322462947225099 2.493979227807786
0.13695170524896377 1.4249797150580814 0.04632637672926644 1.682837830277873
0.1419878995756708 1.486052862843016 0.04373341276618085 2.236367884035812
0.13084570321513217 1.3518824208985305 0.07521570612150895 2.1734050057779317
0.12621036784972764 1.297073187400374 0.043308182620924514 2.008283577284282
0.12573529420165047 1.2914886469078746 0.07231728276849833 1.542854607731172
0.12579436722904916 1.292182726089612 0.07027294046671805 2.618462496745122
0.15007533152346125 1.5856422657979168 0.07947630463673297 2.3071469910024405
0.12616067455653412 1.2964887531729337 0.03720105076807606 1.2467337087777677
0.12899966175714278 1.3299845151795404 0.03838455532079911 1.770851813637314
0.13391841984006214 1.3885382598042073 0.04231143288632851 1.7930035333010494
0.1569599638098818 1.6719259044713686 0.07945874056272316 2.4473525483349974
0.1485930987998216 1.5672483102279537 0.08587219632883446 2.6634452222411666
0.1643237290533901 1.7657879470813869 0.07581136265347775 2.6468405576905614
0.12678476800367347 1.3038334364256456 0.04749326601321995 1.505189324775919
0.12947609825313983 1.3356271550729872 0.08157903385546275 3.320700328671533
0.13372775636121922 1.3862561809431482 0.04533686960519946 1.927298994690179
0.12956287075339354 1.3366555036232217 0.06677928284610511 2.3089338033619673
0.15020141044796176 1.5872098193687352 0.11724015674908392 3.7655805180097244
0.14962229756636522 1.5800134790702816 0.05189203484819304 2.046142249225948
0.12750803404712255 1.3123583831429826 0.053296991883216474 2.2847393202681316
0.12899385477919345 1.329915778749762 0.08289517549947044 3.1312949686250042
0.13992978601385234 1.4610080176833473 0.06521150858057335 2.2509455663117777
0.12572738357742086 1.291395708063127 0.07573589188604737 2.643989695950095
0.1273972177419943 1.3110513037361025 0.0573275296029202 2.273501892181664
0.13491658157338104 1.4005018206596593 0.040319627613446395 1.57066228939448
0.12908204241005583 1.330959742809746 0.05839950265247588 2.148602972601168
0.13440783411803103 1.3944007327632182 0.038042641618685424 1.9338540933706445
0.12746648318027892 1.3118682513549873 0.06048687148616692 1.7204055721255955
0.13274570772549257 1.3745177925249263 0.0730476738062766 2.2343289293116566
0.13690629625990536 1.4244322894332777 0.057859918368742616 3.003109689731774
0.12891613825494985 1.3289959467396 0.05012468706037005 2.5804409945833355
0.1335237556979507 1.3838155795412859 0.06036011512249964 2.401494151900478
0.12645462016843845 1.2999467633055748 0.05941996364946692 1.907057436205031
0.13617704047959514 1.4156486697062354 0.0427440725543713 1.6693244372811977
0.1356549853672074 1.4093698094794398 0.0696391811159234 3.037735513924341
0.12585491430728082 1.2928942219972204 0.03751113649575371 1.3501381596846678
0.1595498850073195 1.7047507541577371 0.06639322746539639 3.1549096331923496
0.12795820716352987 1.3176715952924254 0.054673863695295866 2.3471768628348064
0.12840964898835364 1.3230052932286391 0.08684174204330816 2.696376868261235
0.132632489064126 1.373166203228826 0.04703056814082103 2.413293338905325
0.13844777741214567 1.4430478020550754 0.06060822598580572 2.081799606127324
0.14218010310177348 1.4883978915278127 0.06558443114923133 2.4315006671953547
0.13865971620253925 1.4456124657367073 0.044708456849716124 1.6213151836503288
0.13164396589546246 1.36138031787885 0.053491106779144655 1.8235219176868311
0.13159770369820586 1.3608294038863278 0.06486970466317409 2.8152535114181405
0.13205974174558832 1.3663342258837494 0.08858988815058988 3.367317083277722
0.12997559798278513 1.3415495785856313 0.06314975402359449 2.3351521938982853
0.1369846473847548 1.4253768832586675 0.042955892533081505 1.6779681399455602
0.14417653633051059 1.5128181817973472 0.07071982961018963 2.4555491890010455
0.1289953026937539 1.3299329174370953 0.052425652426501795 1.7851908464599393
0.15234998939398917 1.613995030543236 0.06752195276160475 2.5085345123722775
0.14146160030764982 1.4796369867881336 0.05602799501076439 1.9151379802143742
0.13471634264144522 1.3980996250561135 0.06607919007784709 2.283014980705832
0.12529849883166194 1.2863594243355265 0.048325531855196474 1.898371220555439
0.14174648199307582 1.4831088735339755 0.09772183039519243 2.894167847290814
0.17033214512317216 1.8436084442890308 0.06036331131983292 2.2254958708137145
0.14122769050797543 1.4767880225572148 0.06513316338677219 2.604625778382583
0.14471727853949568 1.5194521398322007 0.08370811137837718 2.4412163654754604
0.15444078747573706 1.6401905992980037 0.06538797326714961 1.5924841297877559
0.13108538701267625 1.3547323957722477 0.028141317337932573 2.3792329919130983
0.1293860577288751 1.3345602935950525 0.05391713180863041 1.8388728706372726
0.1413814761333562 1.478660919123994 0.06457850926894675 2.391632107312809
0.129308169470508 1.3336375984359603 0.058636343210219315 1.6644931873675257
0.12690864704156382 1.3052925636837638 0.0723455281402123 1.9702125692555912
0.12523338137157242 1.2855951984999239 0.03790528076169263 2.7691657383229002
0.1488411493676286 1.5703220618904192 0.06085457847375191 1.9560842714762063
0.13244872713933697 1.3709732288091212 0.048134040656629434 3.103616340412633
0.12789692392364949 1.3169479713356989 0.054628366372782414 1.864531603864663
0.13087995317133527 1.3522895758384064 0.06176015060705746 2.9202605976155014
0.13960088744540852 1.4570168087896858 0.054917557683620194 2.358246698419584
0.14321090098407288 1.500992358929473 0.07916844393161639 2.9784177956012696
0.12785688703938722 1.3164752763065726 0.039374562623542254 1.663448559273582
0.12786827434018333 1.3166097159303833 0.06244571609224203 2.954835883887509
0.14151655045525852 1.4803064913623478 0.06380446397466825 2.361012038078335
0.13250090458346347 1.3715958085099584 0.04813335924215887 1.7517969604485233
0.12558538192058294 1.2897276718953576 0.046034342909042805 1.9583798108158994
0.13899556273717315 1.4496791182027327 0.08930906313553799 2.4774913992143
0.1274297420706312 1.3114348940906675 0.0643890572144101 2.2206027645771336
0.15215253036389084 1.6115277471479157 0.059415880021315946 2.3615536081830606
0.12674696195023233 1.3033882147779254 0.07273932767876663 2.9326508389478354
0.12537639057144 1.2872737200258417 0.062347159638728625 1.7768352881526501
0.1282281669058348 1.320860453505863 0.029344293189224373 1.2268914956902566
0.12604368603122973 1.2951131337680215 0.04975401555593974 1.8138684944786312
0.13391916335056245 1.3885471609560889 0.06603085447061276 2.281226934655091
0.12660997265210655 1.3017752880329578 0.03139472586275986 1.4379275429324028
0.12706346324009268 1.3071166709680997 0.08082827749060441 2.3498451269221845
0.1343949912987618 1.3942468097240743 0.0888232565922732 2.4627010865346612
0.1511544352978567 1.5990739486882373 0.07698363248040516 1.726108590230386
0.13321809456348474 1.3801608936190606 0.08138792043276231 3.312231757028395
0.12759938416768205 1.3134361084014003 0.049246756302876483 1.563640687789937
0.12554193912777448 1.2892174751558998 0.046798526797915824 2.178083945088986
0.1850666267279744 2.039305742682435 0.13587885025553934 3.579198876903234
0.14618247573303889 1.5374697693277193 0.07495612559227259 2.446087265607244
0.1578379958438191 1.683031525623944 0.06986401136651141 2.602080765365047
0.13533792039708173 1.4055601070465773 0.07828069386908758 2.1455745975699845
0.13564285179505453 1.4092239667933832 0.0542073611046807 1.7301728159555536
0.1257853588363583 1.2920768758196306 0.0507182620294668 1.7239447356441837
0.15437750241542458 1.6393958009044813 0.03929661425131513 1.4170315353321714
0.15007032342724028 1.5855800091729724 0.03762605550978165 1.5866917028607195
0.1580528923473545 1.6857531314957583 0.05172383898389495 2.0391484106873463
0.13558319882510877 1.4085070116576104 0.0545818645124979 2.1583275538952216
0.13220229415743498 1.368033809655107 0.06935702277401902 2.249751167984474
0.15109064935133418 1.5982790508058744 0.1115373253651647 4.693252883717594
0.13147816959727093 1.3594062021860989 0.0770450436047092 2.108879840891209
0.12867081298533653 1.3260934189145634 0.06272176960838009 2.159254709086177
0.1255448576163985 1.2892517486056472 0.06532223377324374 1.5907711916416074
0.1502791831160496 1.5881770077505737 0.04216118179218852 1.6455582458131814
0.12683449142411465 1.3044190612226447 0.05807919974865423 1.5577360572764523
0.13860232628994565 1.4449178678681451 0.06723469464461301 1.8209947315355157
0.12783304841118887 1.3161938464204503 0.0720114060981727 2.2001726902178103
0.12725368412987062 1.309358816767879 0.07182755739339534 2.194120850976029
0.13599305614825094 1.4134349878799546 0.048052410981369434 2.2393876635279333
0.13178925175788853 1.3631108382176054 0.05949100511897626 2.040997419787354
0.13008528840844616 1.3428510569393945 0.0720893735633388 2.345266777254476
0.1323593528151277 1.3699069910294197 0.07259838960834944 2.5258830821311005
0.1315130649070389 1.3598216336309064 0.08916482835222381 2.4730985445415175
0.15090877562706168 1.5960132035657446 0.06989681293713156 2.2685762933495215
0.12611133479528686 1.2959085425331458 0.07627547049062393 2.860593329825696
0.12986061263203372 1.3401856281475506 0.041344833060798246 1.7502760112112443
0.12614203463165324 1.2962695493823981 0.041073253785861005 2.0945104702294817
0.14286321297670868 1.4967408609146333 0.09850311383162931 3.0980173476115116
0.12892264612768037 1.3290729658852618 0.06064397754841066 1.630966687339603
0.1311072960866361 1.3549929853886578 0.07412031433517315 2.139219103206968
0.126825719578685 1.304315744695393 0.07139839104889706 2.3210587931493376
0.12829432234345572 1.321642205820481 0.07473212862925593 2.040457281385694
0.12681052618395103 1.3041367988040788 0.05155765813023161 1.54127581997363
0.12526857966252503 1.2860082754721205 0.06031317190959306 1.5372147656578399
0.1279343114583024 1.3173894260382009 0.03831324999925415 1.6168252248477566
0.12565402791030356 1.2905339609876645 0.05159024599191746 1.6420967248590064
0.14383655171881682 1.508651457882336 0.04816229541338462 1.3521250046800002